lattice_lengths: [ 5.180973, 5.180973, 5.180973 ]
lattice_angles: [ 90.000000, 90.000000, 90.000000 ]
mesh_length: 100.000000
mesh: [ 19, 19, 19 ]
ratio: 0.000000